16 03 2018 08:03:58
16 03 2018 08:03:04
16 03 2018 08:03:03
16 03 2018 08:03:10
16 03 2018 09:03:34
16 03 2018 09:03:58
16 03 2018 10:03:33
16 03 2018 10:03:30
16 03 2018 11:03:38
16 03 2018 11:03:39
16 03 2018 18:03:47
16 03 2018 18:03:52
16 03 2018 19:03:09
16 03 2018 20:03:25
16 03 2018 20:03:40
16 03 2018 23:03:39
17 03 2018 00:03:22
17 03 2018 00:03:07
17 03 2018 08:03:01
17 03 2018 08:03:09
17 03 2018 10:03:45
17 03 2018 11:03:12
17 03 2018 11:03:32
17 03 2018 12:03:21
17 03 2018 12:03:43
17 03 2018 13:03:39
17 03 2018 16:03:10
17 03 2018 18:03:05
17 03 2018 18:03:36
17 03 2018 19:03:56
17 03 2018 19:03:14
17 03 2018 19:03:57
17 03 2018 20:03:18
18 03 2018 00:03:07
18 03 2018 00:03:31
18 03 2018 10:03:25
18 03 2018 20:03:26
18 03 2018 20:03:26
18 03 2018 20:03:29
18 03 2018 20:03:53
18 03 2018 22:03:07
18 03 2018 22:03:42
18 03 2018 22:03:25
19 03 2018 00:03:03
19 03 2018 00:03:54
19 03 2018 09:03:20
19 03 2018 09:03:54
19 03 2018 09:03:01
19 03 2018 10:03:31
19 03 2018 14:03:37
20 03 2018 00:03:05
20 03 2018 08:03:46
20 03 2018 14:03:26
20 03 2018 18:03:33
20 03 2018 22:03:41
21 03 2018 00:03:05
21 03 2018 02:03:42
21 03 2018 12:03:30
21 03 2018 14:03:46
22 03 2018 00:03:07
22 03 2018 09:03:47
22 03 2018 18:03:11
22 03 2018 20:03:29
22 03 2018 20:03:24
22 03 2018 20:03:29
22 03 2018 20:03:51
22 03 2018 21:03:38
22 03 2018 21:03:10
22 03 2018 22:03:58
22 03 2018 22:03:16
23 03 2018 00:03:09
23 03 2018 09:03:35
23 03 2018 09:03:08
23 03 2018 10:03:38
23 03 2018 10:03:46
23 03 2018 11:03:02
23 03 2018 11:03:39
23 03 2018 11:03:59
24 03 2018 00:03:08
24 03 2018 09:03:22
24 03 2018 11:03:08
24 03 2018 12:03:36
25 03 2018 00:03:07
25 03 2018 01:03:59
25 03 2018 10:03:32
25 03 2018 12:03:28
25 03 2018 20:03:58
25 03 2018 23:03:47
25 03 2018 23:03:05
26 03 2018 00:03:08
